'zone_id': 85.8353623199197
'ad_network_id': 108.96719369550733
'geo_area_code': 73.31215396057088
'pub_network_id': 78.81491111788982